4_data_fly_ouput.txt

Leg Length, Leg Course
   19.09      73
   93.53      74
    4.44      75
    2.67      74
    1.33      72
    1.33      71
    1.32      69
    1.32      68
    6.59      67
   23.34      66
   70.65      67
   79.78      68
    1.34      70
    1.94      71
    4.61      72
    39.7      71
   50.17      72
    1.52      70
    13.3      69
   55.29      70
   73.81      71
   47.75      72
     4.3      71
   0.768      69
   0.769      66
    0.77      63
   0.773      60
   0.771      57
   0.773      54
   0.775      51
   0.774      48
    1.09      46
   8.958      45
    1.22      47
   0.616      50
   0.937      52
   0.313      55
   0.946      59
   0.799      63
   0.795      66
   0.507      51
    0.62      68
   0.626      71
   0.638      75
   0.643      78
   0.471      77
   0.791      79
   0.791      82
   3.335      85
   22.75      86
   0.799      84
   0.639      82
    1.12      80
   0.958      77
    0.96      75
    0.96      72
   0.962      70
   0.964      68
   70.01      66
   28.32      67
    2.41      64
    1.65      63
    1.49      62
   0.596      63
   1.479      62
    1.03      63
     1.5      65
    1.82      58
    1.16      62
    1.16      63
    0.99      61
    4.53      62
    1.43      64
    8.52      65
    4.44      58
    3.03      65
    1.95      51
   0.803      64
    1.96      62
   0.513      61
    3.33      62
    1.26      63
   0.854      61
   11.71      62
     1.1      61
   0.699      58
   0.699      55
     0.7      53
   2.809      50
   0.402      56
   0.406      62
   0.408      68
   0.397      72
   0.497      77
   0.496      79
   5.105      80
   4.156      81
   0.358      75
   0.353      69
   0.347      60
   0.342      54
   0.421      49
   0.499      45
   0.658      42
   0.889      40
   2.183      39
   0.719      53
   0.688      42
   3.608      41
    1.08      42
   0.953      43
   1.582      44
   0.694      42
   1.592      37
   0.566      39
   1.556      41
    1.72      42
     1.1      41
    0.76      42
   1.832      41
    1.72      42
    0.83      41
   1.133      42
   0.838      41
   0.428      43
   0.744      41
    0.22      40
  0.6462      41
 0.07557      40
 0.06458      23
  0.0786     359
 0.04318     357
 0.01591     340
 0.02633     293
   0.075     271
  0.2792     270
  0.1116     271
  0.1148     270
 0.06951     271
 0.04034     281
 0.01667     349
 0.06534       3
  0.1098       1
   0.153       2
 0.09356       1
 0.02083       6
 0.04811      33
 0.06742      49
 0.03712       0
0.003788     323
 0.09773     316
  0.1225     315
 0.02822     282
  0.4017     271
  0.1104     270
 0.09053     261
 0.03163     245
 0.03617     205
 0.07898     174
 0.04167     185
 0.01856     230
 0.02216     274
