4_data_bike_ouput.txt

Leg Length, Leg Course
2.97348      88
 0.03807      90
   2.412      88
   1.102      87
  0.1019      90
    0.29      95
   0.659      90
   1.235      92
    0.76      91
   0.556      92
   1.318      91
   0.576      92
    0.15      91
 0.04148      92
 0.02159      35
 0.01723     341
 0.07443     331
 0.05303     334
 0.05852     351
  0.1737     358
   0.539       0
  0.1803     349
  0.1598     334
  0.1392     325
    0.28     316
  0.1578     327
  0.1598     338
   0.199     353
     0.3     358
   0.398       0
   0.419     358
    0.38       1
   0.558       0
  0.1413     351
  0.1394     336
  0.1384     322
   0.238     318
  0.1381     335
   0.139       0
   1.618     359
    2.71       0
   1.261     359
   0.558     358
    0.62     354
    0.38     359
   2.399       0
   0.238     355
 0.04053     352
   0.239     342
   0.199     346
    0.22     357
   3.258     358
     0.2       5
   0.238      14
   1.538      19
   1.495      22
  0.1799      15
   0.219       6
   0.977       5
   0.538       4
   0.401     358
   0.697     357
   0.579     358
   0.997       1
    1.48       0
   0.199      10
   0.218      19
   0.398      24
   0.341      23
   0.218      11
   0.238       2
   0.542       0
   1.034       4
   0.339       3
    0.32     357
   0.341     351
   0.637     350
     0.2     344
   0.201     332
   0.259     328
   0.219     340
   0.201     352
   1.039     359
   0.438     357
   1.377     356
   0.379     358
    0.86       6
   0.399       0
   1.222     359
   2.074       0
     0.8       1
    0.72       2
    0.24      14
   1.238      16
   0.299      19
     0.2      32
 0.04015      35
   0.219      45
   1.583      48
   0.507      47
   0.238      45
  0.1591      32
 0.08011      27
  0.1784      13
  0.1602       1
   0.799     359
   0.579       0
   0.701     359
   1.636     358
    1.26       0
   1.097       2
   2.059     359
   0.396       0
   1.138     359
   0.718       0
    0.52     359
   0.479       0
  0.1585     353
     0.2     343
   0.975     337
   0.379     339
    0.28     347
   0.258     354
    0.22     359
   2.836       0
   0.319       6
   0.301      12
   0.439      10
   0.299       3
    0.46     359
    3.77       0
  0.1367       3
   0.332       4
  0.1619       8
   0.203       7
  0.1775       5
   0.229       0
   0.201     352
   0.261     346
   0.262     349
   0.322     355
   1.027     359
  0.7975       0
  0.1841       1
 0.06913       9
 0.05492      50
 0.04394     112
 0.04811     163
 0.09508     179
 0.01042     180
 0.01098     162
0.002652     124
 0.01913     113
 0.07386      89
  0.1223      88
   0.195      90
  0.4913      89
   0.206      90
   5.386      89
 0.03314      93
  0.1155     115
  0.1172     135
  0.1178     153
  0.6195     157
  0.1322     141
  0.1165     121
   0.117     102
  0.1652      89
   0.383      90
   0.382      89
 0.09205      67
  0.0464      45
   0.247      41
 0.06402      42
 0.07102      59
 0.07519      79
  0.4373      90
  0.1235      88
  0.1184      75
  0.1468      64
  0.1367      69
  0.1733      83
   2.017      90
    0.28      89
 0.04811      79
 0.01136      75
 0.02121      69
 0.05398      64
  0.0947      55
   0.236      53
 0.01686      52
  0.1152      68
  0.1169      87
   0.405      89
  0.1002      88
  0.5753      89
  0.1608      91
 0.07822      92
   1.504      93
   0.362      95
  0.1877     101
 0.09508      94
   0.117      86
  0.1061      80
 0.06837      86
  0.1258     101
 0.01818     104
 0.06875     102
  0.1729     101
     0.4     102
 0.01136     105
 0.04167     102
 0.09773     101
  0.3074      90
   0.239      89
   1.064      90
  0.1487      89
  0.1432      90
    0.14      91
   0.835      90
   0.366      92
   0.172     109
   0.192     120
  0.5496     123
  0.1468     105
   3.603      90
 0.05284      88
  0.1112      89
   2.374      90
   0.583      89
 0.03201      90
  0.1271     112
  0.1294     130
   0.225     132
    0.23     124
 0.05852     122
 0.03371     125
0.005492      90
 0.02102      32
 0.04167       5
  0.2999     350
  0.0767     351
 0.01648     352
 0.01345       5
 0.01705      75
    1.45      90
  0.1328      72
   0.789      60
   0.387      61
  0.1267      90
 0.04545      96
0.004735     109
  0.0286      90
 0.06742      79
 0.09621      60
   0.199      58
  0.1044      76
 0.01553      95
   0.263      94
   0.196      93
  0.1409      74
  0.1152      57
  0.1549      51
  0.1017      69
  0.1036      89
   0.939      90
   0.225      89
   0.308      90
   0.214      89
  0.1761      91
 0.06932      90
  0.1201      91
  0.1322      90
   0.265      92
   0.218      91
   0.291      93
  0.1051     120
 0.09015     126
 0.08409     104
  0.1388      91
  0.1216     102
   0.341     104
  0.1098     103
  0.0214     102
 0.00322      90
 0.05019      99
  0.4702      98
 0.00322     270
 0.01439      84
  0.3528      90
 0.02216      86
 0.01553      95
   0.142      90
 0.08693      81
0.004735      71
 0.02708      77
 0.02216      82
  0.0214      78
 0.06061      79
 0.02576      80
0.002652      56
  0.0142      90
 0.01458     102
 0.01686     100
 0.02633      67
 0.08807      44
  0.1225      35
  0.1303      41
 0.03201      46
  0.1191      65
  0.1576      78
 0.09527      79
 0.01212      83
  0.0178      80
 0.02405      37
 0.06231     359
   0.463       0
  0.0608       1
 0.04299       0
0.008902       7
  0.4869       0
 0.06231       2
  0.1157       0
   0.438       1
   0.246       0
  0.1544     359
   0.324       0
   0.472       1
   0.202     359
 0.04451     357
  0.0267       0
  0.1396     358
 0.05644       0
  0.2479       1
 0.08163       2
 0.02348     332
 0.05852     330
 0.06477     331
 0.01553     320
 0.04962     343
 0.01629       4
