27.0347      88
 0.01345      90
   5.365      88
       9      87
  0.1019      90
       5      92
       2      91
       6      92
       6      91
 0.04148      92
 0.04148      35
 0.01723     341
 0.01723     331
 0.05303     334
 0.05303     351
  0.1737     358
   8.174       0
  0.1803     349
  0.1803     334
  0.1392     325
  0.1392     327
  0.1598     338
  0.1598     353
       8       0
       8     358
       8       0
       8     351
  0.1394     336
  0.1394     322
       8     318
       8     335
   0.139       0
   9.139     359
      26       0
       4     359
       8     358
      26       0
       8     355
       8     352
       9     342
       9     346
      18     358
       8      14
       8      19
       6      22
  0.1799      15
  0.1799       6
       9       5
       8       4
       8     358
       7     357
       7     358
       7       1
      15       0
       9      10
       9      19
       8      24
       8      23
       8      11
       8       2
       2       0
       4       4
       9       3
       9     351
       7     350
       7     332
       9     328
       9     340
       1     352
       1     359
       8     357
      17     356
       9     358
      10       6
       9       0
       9     359
       7       0
       8      16
       8      19
 0.04015      35
 0.04015      45
       7      48
       7      47
       7      45
  0.1591      32
  0.1591      27
  0.1784      13
  0.1784       1
       9     359
       9       0
       1     359
       8     358
       9       2
       8     359
       6       0
      15     359
       8       0
  0.1585     353
   8.159     337
       9     339
       9     354
      10       0
       9       6
       9      12
       9      10
       9       3
      27       0
  0.1367       3
  0.1367       4
  0.1619       8
  0.1619       7
  0.1775       5
  0.1775       0
       1     352
       1     346
       2     349
       2     355
       5     359
       8       0
  0.1841       1
  0.1841       9
 0.05492      50
 0.05492     112
 0.04811     163
 0.04811     179
 0.01042     180
 0.01042     162
0.002652     124
0.002652     113
 0.07386      89
 0.07386      88
       5      90
   5.273      89
       6      90
   59.16      89
 0.03314      93
 0.03314     115
  0.1172     135
  0.1172     153
       3     157
  0.1322     141
  0.1322     121
   0.117     102
   0.117      89
       3      90
       3      89
 0.09205      67
 0.09205      45
       7      41
       7      42
 0.07102      59
 0.07102      79
  0.1773      90
  0.1773      88
  0.1184      75
  0.1184      64
  0.1367      69
  0.1367      83
       9      90
 0.04811      79
 0.04811      75
 0.02121      69
 0.02121      64
  0.0947      55
  0.0947      53
 0.01686      52
 0.01686      68
  0.1169      87
  0.1169      89
  0.1002      88
   5.288      89
  0.1608      91
  0.1608      92
   10.22      93
       2      95
       2     101
 0.09508      94
 0.09508      86
  0.1061      80
  0.1061      86
  0.0875     101
 0.01818     104
 0.01818     102
  0.1729     101
   9.173     102
 0.01136     105
 0.01136     102
 0.09773     101
  0.2189      90
       9      89
      16      90
  0.1487      89
  0.2136      90
    0.14      91
    2.14      90
       6      92
       6     109
       2     120
       9     123
  0.1468     105
    30.6      90
 0.05284      88
 0.05284      89
   22.19      90
       3      89
       3      90
  0.1271     112
  0.1271     130
       5     132
       5     122
 0.03371     125
 0.03371      90
 0.02102      32
 0.02102       5
 0.09792     350
  0.0767     351
  0.0767     352
 0.01345       5
 0.01345      75
   4.191      90
  0.1328      72
   2.133      60
       7      61
       7      90
 0.04545      96
 0.04545     109
  0.0286      90
  0.0286      79
 0.09621      60
 0.09621      58
  0.1044      76
  0.1044      95
       3      94
       3      93
  0.1409      74
  0.1409      57
  0.1549      51
  0.1549      69
  0.1036      89
    12.1      90
       5      89
       5      90
       4      89
       4      91
 0.06932      90
 0.06932      91
  0.1322      90
  0.1322      92
       8      91
       8      93
  0.1051     120
  0.1051     126
 0.08409     104
 0.08409      91
  0.1216     102
   3.122     104
  0.1098     103
  0.1098     102
 0.00322      90
 0.00322      99
  0.1324      98
 0.00322     270
 0.00322      84
 0.07481      90
 0.02216      86
 0.02216      95
  0.1277      90
 0.07689      81
0.004735      71
0.004735      77
 0.02216      82
 0.02216      78
 0.06061      79
 0.06061      80
0.002652      56
  0.0125      90
 0.01458     102
 0.01458     100
 0.02633      67
 0.02633      44
  0.1225      35
  0.1225      41
 0.03201      46
 0.03201      65
  0.1576      78
  0.1576      79
 0.01212      83
 0.01212      80
 0.02405      37
 0.02405     359
   0.132       0
  0.0608       1
  0.0608       0
0.008902       7
  0.4765       0
 0.06231       2
 0.06231       0
       8       1
       8       0
  0.1544     359
  0.1544       0
       2       1
       2     359
 0.04451     357
 0.05189       0
 0.05795     358
 0.05644       0
  0.1172       1
 0.08163       2
 0.08163     332
 0.05852     330
 0.05852     331
 0.01553     320
 0.01553     343
